correlations
f04: 0.436922
f13: 0.368269
f14: 0.368224
f16: 0.366025
f07: 0.352141
f22: 0.351350
f26: 0.341043
f01: 0.308811
f20: 0.299049
f31: 0.290783
f34: 0.266093
f02: 0.195732
f28: 0.156904
f25: 0.153096
f19: 0.137636
f17: 0.113945
f32: 0.093174
f08: 0.087773
f00: 0.069795
f10: 0.056876
f21: 0.056605
f11: 0.042117
f33: 0.038810
f06: 0.035295
f15: 0.031478
f35: 0.030855
f29: 0.020829
f18: 0.017931
f27: 0.015606
f09: 0.013005
f03: 0.009214
f30: 0.008955
f24: 0.007780
f23: 0.005508
f12: 0.002179
f05: 0.000098

accuracies
m =  1: accuracy = 0.743499
m =  2: accuracy = 0.803783
m =  3: accuracy = 0.823877
m =  4: accuracy = 0.832151
m =  5: accuracy = 0.834515
m =  6: accuracy = 0.836879
m =  7: accuracy = 0.861702
m =  8: accuracy = 0.874704
m =  9: accuracy = 0.894799
m = 10: accuracy = 0.885343
m = 11: accuracy = 0.901891
m = 12: accuracy = 0.904255
m = 13: accuracy = 0.888889
m = 14: accuracy = 0.891253
m = 15: accuracy = 0.908983
m = 16: accuracy = 0.897163
m = 17: accuracy = 0.910165
m = 18: accuracy = 0.924350
m = 19: accuracy = 0.917258
m = 20: accuracy = 0.925532
m = 21: accuracy = 0.911348
m = 22: accuracy = 0.904255
m = 23: accuracy = 0.894799
m = 24: accuracy = 0.884161
m = 25: accuracy = 0.878251
m = 26: accuracy = 0.879433
m = 27: accuracy = 0.875887
m = 28: accuracy = 0.869976
m = 29: accuracy = 0.854610
m = 30: accuracy = 0.849882
m = 31: accuracy = 0.838061
m = 32: accuracy = 0.834515
m = 33: accuracy = 0.826241
m = 34: accuracy = 0.827423
m = 35: accuracy = 0.810875
m = 36: accuracy = 0.826241
